0.0, 0.0
1.0, 0.0
1.0159980786224874e-18, 0.016592507804370448

0.0, 0.0
0.999954091839417, 0.00958197336704999
5.279928939299955e-07, 0.07820641061825277

0.0, 0.0
0.9998163715727862, 0.01916306695255591
2.070166576057551e-06, 0.1191469426126097

0.0, 0.0
0.9995868518450762, 0.028742401055751984
4.603764041229024e-06, 0.15327490621357875

0.0, 0.0
0.9992655537299437, 0.03831909613742164
8.115082650714251e-06, 0.18342788733522092

0.0, 0.0
0.9988525067277998, 0.047892272900653544
1.2592523462448972e-05, 0.2108379793189929

0.0, 0.0
0.9983477487631006, 0.057461052371575436
1.802560710337555e-05, 0.23618320699886688

0.0, 0.0
0.9977513261808656, 0.06702455598005824
2.440467887210102e-05, 0.259887743400872

0.0, 0.0
0.9970632937424221, 0.07658190564038315
3.172078552938114e-05, 0.282239584810292

0.0, 0.0
0.9962837146203775, 0.0861322238318643
3.996560997757082e-05, 0.3034457696256493

0.0, 0.0
0.9954126603928186, 0.09567463367941934
4.913142943638035e-05, 0.3236615662228181

0.0, 0.0
0.9944502110367405, 0.10520825903408103
5.92110846059214e-05, 0.343007278499879

0.0, 0.0
0.9933964549207022, 0.11473222455344192
7.019795467072844e-05, 0.3615785689888448

0.0, 0.0
0.9922514887967135, 0.12424565578202512
8.208593582205632e-05, 0.3794531307504776

0.0, 0.0
0.991015417791352, 0.13374767923157355
9.486942217227076e-05, 0.39669518024804684

0.0, 0.0
0.9896883553961102, 0.14323742246125043
0.00010854328847756003, 0.4133585872094257

0.0, 0.0
0.9882704234569749, 0.1527140141577436
0.00012310287434280369, 0.4294891179916592

0.0, 0.0
0.9867617521632406, 0.16217658421526632
0.00013854396972239196, 0.4451260830743307

0.0, 0.0
0.9851624800355553, 0.17162426381544713
0.00015486280157574932, 0.4603035725847917

0.0, 0.0
0.9834727539132022, 0.18105618550710154
0.00017205602160254017, 0.47505139996537676

0.0, 0.0
0.9816927289406179, 0.19047148328587835
0.00019012069498250376, 0.48939583441371587

0.0, 0.0
0.9798225685531466, 0.1998692926737728
0.00020905429006119663, 0.5033601775449948

0.0, 0.0
0.9778624444620354, 0.2092487507984999
0.00022885466893752195, 0.5169652232291789

0.0, 0.0
0.9758125366386672, 0.21860899647272006
0.0002495200789068415, 0.5302296284926958

0.0, 0.0
0.9736730332980371, 0.2279491702731103
0.0002710491447230662, 0.5431702157960174

0.0, 0.0
0.9714441308814711, 0.2372684146192732
0.0002934408616438922, 0.5558022217087866

0.0, 0.0
0.9691260340385891, 0.24656587385247686
0.00031669458922292855, 0.5681395032479545

0.0, 0.0
0.9667189556085154, 0.25584069431421824
0.00034081004582466273, 0.5801947104354374

0.0, 0.0
0.9642231166003362, 0.2650920244246032
0.00036578730382989783, 0.5919794316502616

0.0, 0.0
0.9616387461728075, 0.27431901476053494
0.0003916267855155926, 0.6035043168816931

0.0, 0.0
0.9589660816133145, 0.28352081813370555
0.00041832925956992377, 0.6147791828886269

0.0, 0.0
0.9562053683160848, 0.2926965896683811
0.0004458958382451995, 0.6258131034354282

0.0, 0.0
0.953356859759657, 0.3018454868789755
0.00047432797511083667, 0.6366144871347655

0.0, 0.0
0.9504208174836076, 0.310966669747404
0.0005036274633993349, 0.6471911449332711

0.0, 0.0
0.9473975110645373, 0.3200593008002111
0.0005337964349378004, 0.6575503488899358

0.0, 0.0
0.9442872180913191, 0.3291225451854637
0.0005648373596390004, 0.6676988835935264

0.0, 0.0
0.9410902241396116, 0.3381555707494046
0.0005967530455559891, 0.677643091324666

0.0, 0.0
0.9378068227456383, 0.34715754811285743
0.0006295466394825305, 0.6873889118760375

0.0, 0.0
0.934437315379236, 0.35612765074737757
0.0006632216281039443, 0.696941917789698

0.0, 0.0
0.9309820114161754, 0.36506505505114045
0.0006977818396827334, 0.7063073456455101

0.0, 0.0
0.9274412281097547, 0.3739689404245624
0.000733231446288648, 0.7154901239329564

0.0, 0.0
0.9238152905616713, 0.3828384893456441
0.0007695749665587383, 0.7244948979553459

0.0, 0.0
0.9201045316921715, 0.39167288744503337
0.0008068172690112141, 0.7333260521468824

0.0, 0.0
0.9163092922094835, 0.40047132358079685
0.000844963575885722, 0.7419877301263607

0.0, 0.0
0.9124299205785346, 0.40923298991289675
0.0008840194675496059, 0.7504838527641512

0.0, 0.0
0.9084667729889563, 0.417957081977363
0.0009239908874439324, 0.7588181344997735

0.0, 0.0
0.9044202133223805, 0.4266427987601568
0.0009648841476023254, 0.7669940981143542

0.0, 0.0
0.9002906131190294, 0.4352893427707164
0.001006705934746599, 0.7750150881344692

0.0, 0.0
0.8960783515436012, 0.4438959201151801
0.0010494633169587048, 0.7828842830203714

0.0, 0.0
0.8917838153504577, 0.4524617405692781
0.0010931637509650777, 0.7906047062716431

0.0, 0.0
0.8874073988481134, 0.4609860176508887
0.0011378150900341706, 0.7981792365663286

0.0, 0.0
0.8829495038630312, 0.4694679686922496
0.00118342559250659, 0.8056106170350669

0.0, 0.0
0.878410539702729, 0.47790681491181985
0.001230003930990404, 0.8129014637592843

0.0, 0.0
0.8737909231181977, 0.48630178148578473
0.0012775592022236605, 0.8200542735717941

0.0, 0.0
0.8690910782656375, 0.494652097619197
0.0013261009376520755, 0.8270714312288775

0.0, 0.0
0.8643114366675126, 0.5029569966167489
0.001375639114733491, 0.8339552160149332

0.0, 0.0
0.8594524371729312, 0.5112157159531667
0.0014261841690021045, 0.8407078078338152

0.0, 0.0
0.8545145259173513, 0.5194274973432234
0.0014777470069291762, 0.8473312928349284

0.0, 0.0
0.8494981562816188, 0.5275915868113614
0.0015303390196145588, 0.8538276686168748

0.0, 0.0
0.8444037888503391, 0.5357072347609204
0.00158397209734372, 0.8601988490468186

0.0, 0.0
0.8392318913695885, 0.5437736960429617
0.0016386586450567325, 0.866446668729687

0.0, 0.0
0.8339829387039671, 0.5517902300246853
0.0016944115987756747, 0.8725728871577568

0.0, 0.0
0.8286574127929986, 0.5597561006574325
0.0017512444430284183, 0.878579192568051

0.0, 0.0
0.8232558026068806, 0.5676705765442673
0.0018091712293403298, 0.884467205532176

0.0, 0.0
0.8177786041015885, 0.5755329310071297
0.0018682065958305883, 0.8902384823008012

0.0, 0.0
0.8122263201733395, 0.5833424421535569
0.001928365787995096, 0.8958945179227851

0.0, 0.0
0.8065994606124179, 0.5910983929429655
0.001989664680724905, 0.901436749157039

0.0, 0.0
0.8008985420563685, 0.598800071252487
0.0020521198016434047, 0.9068665571934834

0.0, 0.0
0.79512408794256, 0.6064467699423521
0.0021157483558394657, 0.9121852701979302

0.0, 0.0
0.7892766284601261, 0.6140377869208181
0.0021805682520725715, 0.9173941656943411

0.0, 0.0
0.7833567005012848, 0.621572425208632
0.0022465981305513417, 0.9224944727966952

0.0, 0.0
0.7773648476120426, 0.629049993003025
0.0023138573923737584, 0.9274873743015868

0.0, 0.0
0.7713016199422889, 0.6364698037412309
0.0023823662307452956, 0.932374008651702

0.0, 0.0
0.7651675741952826, 0.643831176163524
0.0024521456640824476, 0.9371554717794096

0.0, 0.0
0.7589632735765381, 0.6511334343757698
0.0025232175711235065, 0.9418328188389269

0.0, 0.0
0.7526892877421137, 0.6583759079114829
0.0025956047281922665, 0.9464070658347704

0.0, 0.0
0.7463461927463078, 0.6655579317933873
0.0026693308487489784, 0.9508791911535659

0.0, 0.0
0.7399345709887675, 0.6726788465944715
0.002744420625391821, 0.9552501370056903

0.0, 0.0
0.7334550111610155, 0.6797379984985351
0.0028208997744782333, 0.9595208107826784

0.0, 0.0
0.7269081081923979, 0.6867347393602199
0.002898795083554947, 0.963692086335845

0.0, 0.0
0.7202944631954602, 0.6936684267645197
0.002978134461796108, 0.9677648051811215

0.0, 0.0
0.7136146834107556, 0.7005384240857649
0.0030589469936698767, 0.9717397776346952

0.0, 0.0
0.7068693821510903, 0.707344100546075
0.003141262996067358, 0.9756177838836898

0.0, 0.0
0.7000591787452108, 0.7140848312732745
0.0032251140791695995, 0.9793995749957523

0.0, 0.0
0.6931846984809404, 0.720759997358266
0.003310533211321228, 0.9830858738711306

0.0, 0.0
0.686246572547767, 0.7273689859118564
0.003397554788221769, 0.9866773761405226

0.0, 0.0
0.6792454379788894, 0.7339111901210301
0.003486214706785336, 0.9901747510117147

0.0, 0.0
0.6721819375927277, 0.7403860093046642
0.0035765504440295123, 0.9935786420677905

0.0, 0.0
0.6650567199339019, 0.7467928489686813
0.003668601141395793, 0.9968896680194602

0.0, 0.0
0.657870439213685, 0.7531311208606328
0.003762407694961552, 1.0001084234138482

0.0, 0.0
0.6506237552499358, 0.7594002430237112
0.003858012852013962, 1.0032354793018845

0.0, 0.0
0.6433173334065161, 0.7655996398501826
0.00395546131453085, 1.0062713838662671

0.0, 0.0
0.6359518445322007, 0.771728742134237
0.004054799850161645, 1.009216663011775

0.0, 0.0
0.6285279648990816, 0.7777869871242504
0.004156077411354622, 1.012071820919564

0.0, 0.0
0.6210463761404755, 0.7837738185744553
0.004259345263339706, 1.014837340566925

0.0, 0.0
0.6135077651883386, 0.7896886867960123
0.0043646571217727265, 1.0175136842138108

0.0, 0.0
0.6059128242101953, 0.7955310487074813
0.004472069300911966, 1.0201012938573304

0.0, 0.0
0.5982622505455857, 0.8013003678846846
0.004581640873294035, 1.022600591655253

0.0, 0.0
0.5905567466420385, 0.8069961146099597
0.004693433841982816, 1.0250119803194286

0.0, 0.0
0.5827970199905748, 0.8126177659207959
0.0048075133266031345, 1.0273358434799036

0.0, 0.0
0.574983783060749, 0.8181648056578512
0.004923947764467158, 1.0295725460203895

0.0, 0.0
0.5671177532352324, 0.8236367245123435
0.005042809128304761, 1.0317224343855784

0.0, 0.0
0.5591996527439459, 0.8290330200728137
0.0051641731622245396, 1.0337858368607118

0.0, 0.0
0.5512302085977471, 0.8343531968712556
0.005288119637790201, 1.0357630638236197

0.0, 0.0
0.5432101525216791, 0.8395967664286077
0.005414732632262693, 1.0376544079693446

0.0, 0.0
0.5351402208877867, 0.8447632472996034
0.0055441008313567245, 1.039460144507289

0.0, 0.0
0.5270211546475041, 0.8498521651169758
0.005676317859133862, 1.041180531330676

0.0, 0.0
0.5188536992636253, 0.854863052635012
0.005811482637978003, 1.0428158091579278

0.0, 0.0
0.5106386046418568, 0.8597954497724546
0.005949699782017305, 1.044366201645401

0.0, 0.0
0.5023766250619645, 0.8646489036547438
0.006091080027748796, 1.045831915470685

0.0, 0.0
0.4940685191085193, 0.869422968655599
0.00623574070616945, 1.0472131403854537

0.0, 0.0
0.4857150496012454, 0.8741172064379351
0.006383806261309066, 1.0485100492366148

0.0, 0.0
0.47731698352498236, 0.878731185994108
0.006535408820692648, 1.049722797954195

0.0, 0.0
0.46887509195926197, 0.883264483685489
0.006690688824133537, 1.0508515255040842

0.0, 0.0
0.46039015000751127, 0.8877166832813616
0.006849795718110401, 1.0518963538033823

0.0, 0.0
0.451862936725886, 0.8920873759971374
0.007012888724123043, 1.0528573875956684

0.0, 0.0
0.44329423505173926, 0.8963761605318904
0.007180137690667241, 1.0537347142830091

0.0, 0.0
0.4346848317317358, 0.9005826431052025
0.007351724039981514, 1.0545284037109401

0.0, 0.0
0.42603551724961614, 0.9047064374933186
0.007527841822500088, 1.0552385079019813

0.0, 0.0
0.4173470857536164, 0.908747165064609
0.007708698894036202, 1.0558650607324382

0.0, 0.0
0.40862033498355355, 0.9127044548143328
0.007894518233269759, 1.056408077546292

0.0, 0.0
0.3998560661975789, 0.9165779433987038
0.008085539420063912, 1.056867554698852

0.0, 0.0
0.39105508409860984, 0.92036727516825
0.008282020298794997, 1.0572434690214856

0.0, 0.0
0.38221819676044577, 0.9240721022004685
0.008484238855202234, 1.057535777197118

0.0, 0.0
0.37334621555357245, 0.9276920843317709
0.008692495340539114, 1.057744415034204

0.0, 0.0
0.36443995507066546, 0.931226889188715
0.0089071146832367, 1.0578692966244887

0.0, 0.0
0.35550023305179823, 0.9346761922185229
0.009128449236156211, 1.0579103133669274

0.0, 0.0
0.3465278703093583, 0.9380396767188798
0.009356881917144495, 1.057867332836517

0.0, 0.0
0.33752369065268517, 0.9413170338670126
0.009592829812611387, 1.0577401974723124

0.0, 0.0
0.32848852081243, 0.9445079627480447
0.00983674832871332, 1.0575287230533168

0.0, 0.0
0.31942319036464834, 0.9476121703826252
0.010089135993387512, 1.057232696923934

0.0, 0.0
0.3103285316546324, 0.9506293717538291
0.010350540036009529, 1.056851875921815

0.0, 0.0
0.30120537972048717, 0.953559289833326
0.010621562901339763, 1.056385983949662

0.0, 0.0
0.2920545722164603, 0.9564016556068169
0.010902869892640452, 1.0558347091181135

0.0, 0.0
0.282876949336033, 0.9591562080987327
0.011195198188201274, 1.0551977003681143

0.0, 0.0
0.27367335373477486, 0.9618226943961973
0.011499367539711628, 1.0544745634567765

0.0, 0.0
0.2644446304529757, 0.9644008696722485
0.011816293045246864, 1.0536648561585678

0.0, 0.0
0.25519162683805635, 0.9668904972083169
0.012147000501508423, 1.0527680824908043

0.0, 0.0
0.24591519246676805, 0.9692913484159613
0.012492644989968379, 1.0517836857147957

0.0, 0.0
0.23661617906718885, 0.971603202857856
0.012854533555069042, 1.0507110397853583

0.0, 0.0
0.22729544044051933, 0.9738258482680311
0.013234153112133005, 1.0495494388129964

0.0, 0.0
0.2179538323826905, 0.9759590805713619
0.013633205111929732, 1.0482980839512401

0.0, 0.0
0.2085922126057885, 0.9780027039023059
0.014053649038986876, 1.0469560669057745

0.0, 0.0
0.1992114406593009, 0.9799565306228872
0.014497757611284858, 1.045522348950106

0.0, 0.0
0.189812377851198, 0.9818203813399241
0.014968187705359634, 1.0439957338729569

0.0, 0.0
0.18039588716884905, 0.9835940849215005
0.01546807275669209, 1.042374832591839

0.0, 0.0
0.1709628331997865, 0.9852774785126787
0.016001145018771774, 1.0406580161045027

0.0, 0.0
0.16151408205232368, 0.986870407550452
0.016571900184328536, 1.0388433517723816

0.0, 0.0
0.1520505012760303, 0.9883727257779364
0.017185823502203434, 1.0369285152034942

0.0, 0.0
0.14257295978207804, 0.9897842952577991
0.017849707540218713, 1.0349106654207767

0.0, 0.0
0.13308232776346107, 0.9911049863849232
0.018572110740156873, 1.0327862630026456

0.0, 0.0
0.12357947661509643, 0.9923346778983081
0.01936404010385395, 1.0305507962777851

0.0, 0.0
0.11406527885381758, 0.9934732568922028
0.020240006105856283, 1.0281983525429013

0.0, 0.0
0.1045406080382616, 0.9945206188264729
0.02121972828471233, 1.0257209135999537

0.0, 0.0
0.09500633868866284, 0.9954766675361985
0.022331052783620794, 1.023107126965014

0.0, 0.0
0.08546334620655847, 0.9963413152405043
0.023615317517561556, 1.0203399906964883

0.0, 0.0
0.07591250679441086, 0.997114482550619
0.025138220834289675, 1.01739201518735

0.0, 0.0
0.06635469737515869, 0.9977960984771643
0.027015081534578916, 1.0142134982004551

0.0, 0.0
0.05679079551170165, 0.9983861004366738
0.029483623815048047, 1.010696604004424

0.0, 0.0
0.04722167932632442, 0.9988844342573377
0.03322022696727404, 1.006501060569876

0.0, 0.0
0.037648227420072386, 0.9992910541839782
0.033523999026027936, 0.9970164992698484

0.0, 0.0
0.02807131879208021, 0.9996059228822494
0.018916768334338484, 1.00032903651376

0.0, 0.0
0.018491832758866046, 0.9998290114420656
0.0161040433804623, 0.9982279967194579

0.0, 0.0
0.008910648873596569, 0.9999602993802561
0.00898877536237569, 0.9996471285510898

0.0, 0.0
-0.0006713531546716859, 0.9999997746424455
-0.24804019952078868, 0.8202974421479848

0.0, 0.0
-0.010253293541763298, 0.9999474336041603
-0.5300103193571989, 0.6222264311965943

0.0, 0.0
-0.019834292509161845, 0.999803281071162
-0.8118938884511573, 0.42405721535373364

0.0, 0.0
-0.029413470364789494, 0.9995673302790061
-1.0936831233332618, 0.22583670700142205

0.0, 0.0
-0.038989947583775296, 0.9992396028918261
-1.3754001818799177, 0.02760002157630975

0.0, 0.0
-0.048562844889211504, 0.9988201290003452
-1.65706818845154, -0.17063813675884054

0.0, 0.0
-0.058131283332884844, 0.998308947119113
-1.9387028949180387, -0.36887303141146005

0.0, 0.0
-0.06769438437597768, 0.997706104182969
-2.2203142133378635, -0.567103525227226

0.0, 0.0
-0.0772512699697335, 0.9970116555427341
-2.5019084584473816, -0.7653296661460876

0.0, 0.0
-0.08680106263607552, 0.9962256649601274
-2.7834897973933326, -0.963551852711785

0.0, 0.0
-0.09634288554817277, 0.995348204601913
-3.065061086204063, -1.1617705495653758

0.0, 0.0
-0.10587586261094868, 0.9943793550332728
-3.346624351626146, -1.3599861939838376

0.0, 0.0
-0.11539911854151916, 0.99331920521041
-3.6281810764956823, -1.5581991699529776

0.0, 0.0
-0.12491177894955935, 0.992167852472381
-3.9097323747278443, -1.756409805958052

0.0, 0.0
-0.1344129704175863, 0.9909254025321589
-4.191279102392456, -1.954618380485975

0.0, 0.0
-0.14390182058115228, 0.9895919694669262
-4.472821930515544, -2.1528251293450595

0.0, 0.0
-0.1533774582089434, 0.9881676757076017
-4.7543613941969936, -2.3510302527079983

0.0, 0.0
-0.1628390132827722, 0.9866526520275983
-5.035897926619108, -2.549233921234767

0.0, 0.0
-0.17228561707745885, 0.9850470375308172
-5.317431883144939, -2.7474362811774293

0.0, 0.0
-0.18171640224059582, 0.9833509796388744
-5.598963558750928, -2.945637458559388

0.0, 0.0
-0.1911305028721833, 0.9815646340775661
-5.880493200873462, -3.1438375625728576

0.0, 0.0
-0.20052705460413447, 0.9796881648625702
-6.162021019034733, -3.3420366883372594

0.0, 0.0
-0.20990519467963784, 0.9777217442843865
-6.443547192164631, -3.5402349191429114

0.0, 0.0
-0.21926406203237184, 0.9756655528925187
-6.725071874246432, -3.738432328282658

0.0, 0.0
-0.2286027973655661, 0.9735197794788958
-7.006595198724264, -3.9366289805539205

0.0, 0.0
-0.2379205432308982, 0.9712846210605387
-7.2881172819829265, -4.134824933496791

0.0, 0.0
-0.2472164441072208, 0.9689602828614707
-7.569638226123961, -4.333020238419845

0.0, 0.0
-0.25648964647911393, 0.9665469782938744
-7.851158121201405, -4.531214941254647

0.0, 0.0
-0.26573929891524994, 0.9640449289384968
-8.1326770470382, -4.729409083271275

0.0, 0.0
-0.27496455214657034, 0.9614543645243054
-8.414195074713868, -4.927602701680613

0.0, 0.0
-0.28416455914426175, 0.9587755229073943
-8.69571226779228, -5.125795830143734

0.0, 0.0
-0.29333847519752654, 0.9560086500491458
-8.977228683341757, -5.323988499204868

0.0, 0.0
-0.30248545799114224, 0.9531539999936468
-9.258744372788382, -5.522180736661012

0.0, 0.0
-0.31160466768279915, 0.9502118348443637
-9.540259382633979, -5.720372567879026

0.0, 0.0
-0.3206952669802111, 0.9471824247400767
-9.821773755063678, -5.9185640160686

0.0, 0.0
-0.3297564212179937, 0.944066047830077
-10.103287528462914, -6.116755102518251

0.0, 0.0
-0.338787298434299, 0.9408629902486276
-10.384800737859308, -6.314945846800276

0.0, 0.0
-0.3477870694472043, 0.9375735460886925
-10.666313415302374, -6.513136266949197

0.0, 0.0
-0.356754907930844, 0.9341980173749327
-10.947825590191131, -6.711326379617787

0.0, 0.0
-0.36568999049127937, 0.930736714035977
-11.229337289557915, -6.909516200213919

0.0, 0.0
-0.37459149674210057, 0.9271899538759644
-11.510848538315248, -7.107705743021054

0.0, 0.0
-0.383458609379751, 0.9235580625453645
-11.792359359471522, -7.305895021304449

0.0, 0.0
-0.3922905142585686, 0.9198413735110788
-12.073869774319801, -7.504084047405259

0.0, 0.0
-0.40108640046553873, 0.9160402280258206
-12.355379802604004, -7.702272832824004

0.0, 0.0
-0.40984546039474823, 0.9121549750967852
-12.636889462665296, -7.900461388295028

0.0, 0.0
-0.4185668898215379, 0.908185971453603
-12.918398771571772, -8.098649723852713

0.0, 0.0
-0.4272498879763418, 0.9041335815155874
-13.199907745233395, -8.296837848890842

0.0, 0.0
-0.43589365761821347, 0.8999981773582743
-13.481416398504306, -8.495025772215849

0.0, 0.0
-0.44449740510802305, 0.8957801386792599
-13.762924745274168, -8.693213502094506

0.0, 0.0
-0.4530603404813274, 0.8914798527633385
-14.044432798549657, -8.891401046297194

0.0, 0.0
-0.46158167752090284, 0.8870977144469425
-14.32594057052783, -9.089588412136537

0.0, 0.0
-0.47006063382893065, 0.8826341260818913
-14.60744807266172, -9.287775606502702

0.0, 0.0
-0.4784964308988349, 0.8780894974984478
-14.888955315719723, -9.485962635895106

0.0, 0.0
-0.4868882941867634, 0.8734642459676891
-15.170462309838884, -9.684149506451512

0.0, 0.0
-0.4952354531827008, 0.8687587961631956
-15.451969064573374, -9.88233622397415

0.0, 0.0
-0.503537141481216, 0.8639735801220578
-15.733475588938251, -10.080522793953744

0.0, 0.0
-0.5117925968518294, 0.8591090372052088
-16.01498189144919, -10.278709221591402

0.0, 0.0
-0.5200010613090004, 0.8541656140570828
-16.296487980158712, -10.47689551181855

0.0, 0.0
-0.5281617811817194, 0.8491437645646075
-16.57799386268919, -10.67508166931514

0.0, 0.0
-0.5362740071827095, 0.844043949815529
-16.85949954626284, -10.873267698526565

0.0, 0.0
-0.5443369944772234, 0.8388666380560758
-17.1410050377292, -11.071453603679013

0.0, 0.0
-0.5523500027514299, 0.8336123046479673
-17.422510343590442, -11.269639388793502

0.0, 0.0
-0.5603122962803873, 0.8282814320247674
-17.70401547002434, -11.467825057699084

0.0, 0.0
-0.5682231439955964, 0.8228745096475888
-17.985520422905513, -11.666010614044788

0.0, 0.0
-0.5760818195521225, 0.8173920339601529
-18.26702520782496, -11.864196061310649

0.0, 0.0
-0.5838876013952863, 0.8118345083432086
-18.54852983010794, -12.062381402818096

0.0, 0.0
-0.5916397728269158, 0.8062024430683123
-18.830034294830632, -12.260566641739299

0.0, 0.0
-0.5993376220711489, 0.8004963552509784
-19.111538606835378, -12.458751781106063

0.0, 0.0
-0.6069804423397867, 0.7947167688031987
-19.39304277074479, -12.656936823817874

0.0, 0.0
-0.6145675318971894, 0.7888642143853384
-19.674546790974812, -12.855121772649689

0.0, 0.0
-0.6220981941247051, 0.7829392293574136
-19.956050671746958, -13.053306630258673

0.0, 0.0
-0.6295717375846324, 0.7769423577297526
-20.237554417099485, -13.251491399190984

0.0, 0.0
-0.636987476083704, 0.770874150113047
-20.51905803089788, -13.449676081887722

0.0, 0.0
-0.6443447287360933, 0.7647351636677958
-20.800561516844475, -13.647860680690748

0.0, 0.0
-0.6516428200259271, 0.7585259620531503
-21.08206487848762, -13.846045197847856

0.0, 0.0
-0.6588810798693117, 0.7522471153751603
-21.36356811923004, -14.044229635517842

0.0, 0.0
-0.6660588436758569, 0.7458992001344286
-21.64507124233669, -14.242413995775124

0.0, 0.0
-0.6731754524096958, 0.7394827991731798
-21.926574250942085, -14.440598280613987

0.0, 0.0
-0.6802302526499948, 0.7329985016217456
-22.20807714805722, -14.638782491952709

0.0, 0.0
-0.6872225966509499, 0.726446902844472
-22.489579936575847, -14.836966631637438

0.0, 0.0
-0.6941518424012584, 0.7198286043850568
-22.771082619280595, -15.035150701445703

0.0, 0.0
-0.7010173536830665, 0.7131442139113171
-23.05258519884853, -15.233334703089714

0.0, 0.0
-0.7078185001303863, 0.7063943451593949
-23.334087677856427, -15.431518638219659

0.0, 0.0
-0.7145546572869709, 0.6995796178774076
-23.615590058785788, -15.629702508426472

0.0, 0.0
-0.7212252066636509, 0.6927006577685444
-23.897092344027364, -15.827886315244768

0.0, 0.0
-0.7278295357951231, 0.6857580964336153
-24.178594535885573, -16.026070060155504

0.0, 0.0
-0.7343670382961827, 0.6787525713130618
-24.46009663658265, -16.224253744588285

0.0, 0.0
-0.7408371139174003, 0.6716847256284283
-24.74159864826249, -16.422437369923855

0.0, 0.0
-0.7472391686002343, 0.6645552083233045
-25.023100572994235, -16.620620937496195

0.0, 0.0
-0.7535726145315766, 0.6573646740037403
-25.304602412775665, -16.818804448594847

0.0, 0.0
-0.7598368701977212, 0.6501137828781447
-25.586104169536647, -17.01698790446645

0.0, 0.0
-0.7660313604377575, 0.6428032006966661
-25.867605845141938, -17.215171306316996

0.0, 0.0
-0.7721555164963809, 0.6354335986900654
-26.14910744139428, -17.413354655313377

0.0, 0.0
-0.7782087760761116, 0.6280056535080878
-26.43060896003699, -17.611537952585078

0.0, 0.0
-0.7841905833889234, 0.6205200471573339
-26.712110402756583, -17.80972119922588

0.0, 0.0
-0.7901003892072759, 0.6129774669386399
-26.99361177118514, -18.007904396295235

0.0, 0.0
-0.7959376509145393, 0.6053786053839737
-27.27511306690284, -18.206087544819653

0.0, 0.0
-0.801701832554818, 0.597724160192849
-27.55661429143986, -18.40427064579413

0.0, 0.0
-0.8073924048821596, 0.5900148341682631
-27.838115446278646, -18.602453700183464

0.0, 0.0
-0.8130088454091475, 0.5822513351521702
-28.11961653285583, -18.80063670892335

0.0, 0.0
-0.8185506384548743, 0.5744343759604901
-28.401117552564124, -18.99881967292151

0.0, 0.0
-0.8240172751922902, 0.5665646743176577
-28.68261850675393, -19.197002593059125

0.0, 0.0
-0.8294082536949208, 0.5586429527907266
-28.964119396735267, -19.395185470191375

0.0, 0.0
-0.8347230789829522, 0.550669938723025
-29.24562022377936, -19.593368305148758

0.0, 0.0
-0.8399612630686788, 0.5426463641673736
-29.527120989119854, -19.79155109873796

0.0, 0.0
-0.8451223250013087, 0.5345729658188697
-29.808621693954624, -19.989733851742844

0.0, 0.0
-0.8502057909111216, 0.5264504849472494
-30.090122339447028, -20.187916564925025

0.0, 0.0
-0.8552111940529787, 0.5182796673288257
-30.371622926727024, -20.386099239025153

0.0, 0.0
-0.8601380748491781, 0.5100612631780123
-30.65312345689283, -20.584281874763203

0.0, 0.0
-0.8649859809316501, 0.5017960270784445
-30.934623931011718, -20.782464472839585

0.0, 0.0
-0.8697544671834924, 0.4934847179136951
-31.216124350121436, -20.980647033935547

0.0, 0.0
-0.8744430957798404, 0.4851280987975947
-31.497624715231098, -21.178829558714213

0.0, 0.0
-0.8790514362280648, 0.4767269370041685
-31.779125027322472, -21.37701204782094

0.0, 0.0
-0.8835790654072989, 0.46828200389718616
-32.06062528735056, -21.57519450188404

0.0, 0.0
-0.888025567607288, 0.4597940748593373
-32.342125496244954, -21.773376921515478

0.0, 0.0
-0.8923905345665581, 0.45126392922104097
-32.62362565491056, -21.97155930731118

0.0, 0.0
-0.8966735655099006, 0.442692350188889
-32.90512576422846, -22.1697416598519

0.0, 0.0
-0.9008742671851714, 0.43408012477373387
-33.18662582505674, -22.36792397970348

0.0, 0.0
-0.9049922538993961, 0.42542804371843074
-33.468125838231316, -22.56610626741749

0.0, 0.0
-0.9090271475541839, 0.41673690142523245
-33.74962580456671, -22.764288523531647

0.0, 0.0
-0.9129785776804431, 0.4080074958828516
-34.0311257248567, -22.962470748570276

0.0, 0.0
-0.9168461814723964, 0.39924062859319026
-34.312625599875126, -23.160652943044685

0.0, 0.0
-0.9206296038208917, 0.39043710449775143
-34.59412543037641, -23.35883510745391

0.0, 0.0
-0.9243284973460074, 0.38159773190373125
-34.875625217096335, -23.55701724228469

0.0, 0.0
-0.927942522428948, 0.372723322409802
-35.157124960752526, -23.755199348012063

0.0, 0.0
-0.9314713472432258, 0.3638146908315963
-35.43862466204516, -23.953381425099824

0.0, 0.0
-0.9349146477851278, 0.35487265512689264
-35.720124321657515, -24.151563474000636

0.0, 0.0
-0.938272107903466, 0.3458980363205124
-36.00162394025638, -24.34974549515654

0.0, 0.0
-0.941543419328604, 0.33689165842893865
-36.28312351849273, -24.54792748899938

0.0, 0.0
-0.9447282817007608, 0.3278543483846568
-36.564623057002194, -24.746109455950915

0.0, 0.0
-0.9478264025975905, 0.3187869359602276
-36.84612255640547, -24.944291396423246

0.0, 0.0
-0.9508374975610296, 0.30969025369210273
-37.12762201730885, -25.142473310818964

0.0, 0.0
-0.9537612901234158, 0.3005651368041833
-37.40912144030453, -25.34065519953171

0.0, 0.0
-0.9565975118328724, 0.29141242313113125
-37.690620825971365, -25.538837062946204

0.0, 0.0
-0.9593459022779559, 0.2822329530414453
-37.972120174874846, -25.737018901438667

0.0, 0.0
-0.9620062091115665, 0.27302756936029915
-38.25361948756789, -25.935200715376784

0.0, 0.0
-0.9645781880741174, 0.26379711729215793
-38.53511876459086, -26.133382505120405

0.0, 0.0
-0.9670616030159624, 0.2545424443431723
-38.816618006472204, -26.331564271021502

0.0, 0.0
-0.9694562259190777, 0.2452644002433664
-39.09811721372869, -26.52974601342429

0.0, 0.0
-0.9717618369179973, 0.23596383686861763
-39.379616386865884, -26.727927732665677

0.0, 0.0
-0.9739782243200017, 0.22664160816243892
-39.66111552637816, -26.926109429075375

0.0, 0.0
-0.9761051846245531, 0.21729857005757558
-39.942614632749354, -27.124291102976144

0.0, 0.0
-0.9781425225419811, 0.20793558039741533
-40.224113706453, -27.32247275468378

0.0, 0.0
-0.9800900510114133, 0.198553498857223
-40.505612747952476, -27.52065438450765

0.0, 0.0
-0.9819475912179502, 0.189153186865211
-40.787111757701254, -27.718835992750748

0.0, 0.0
-0.9837149726090835, 0.1797355075234446
-41.068610736143484, -27.917017579709626

0.0, 0.0
-0.9853920329103558, 0.17030132552859406
-41.350109683714074, -28.11519914567491

0.0, 0.0
-0.9869786181402601, 0.16085150709254378
-41.63160860083874, -28.313380690931282

0.0, 0.0
-0.988474582624377, 0.15138691986285868
-41.91310748793461, -28.511562215757717

0.0, 0.0
-0.9898797890087514, 0.14190843284311866
-42.194606345410314, -28.709743720427404

0.0, 0.0
-0.9911941082725022, 0.13241691631313254
-42.476105173666106, -28.907925205208404

0.0, 0.0
-0.99241741973967, 0.12291324174903043
-42.75760397309414, -29.106106670363225

0.0, 0.0
-0.9935496110902962, 0.11339828174324874
-43.03910274407892, -29.30428811614933

0.0, 0.0
-0.9945905783707361, 0.1038729099244104
-43.32060148699722, -29.502469542818936

0.0, 0.0
-0.9955402260032036, 0.09433800087711398
-43.602100202218274, -29.700650950619735

0.0, 0.0
-0.9963984667945466, 0.08479443006163132
-43.88359889010418, -29.89883233979443

0.0, 0.0
-0.997165221944253, 0.07524307373352457
-44.16509755100998, -30.097013710581045

0.0, 0.0
-0.9978404210516858, 0.06568480886319439
-44.44659618528386, -30.295195063213118

0.0, 0.0
-0.9984240021225468, 0.05612051305535833
-44.72809479326723, -30.49337639791982

0.0, 0.0
-0.998915911574569, 0.04655106446847114
-45.00959337529504, -30.691557714925917

0.0, 0.0
-0.9993161042424362, 0.03697734173409809
-45.29109193169589, -30.889739014452037

0.0, 0.0
-0.99962454338193, 0.027400223876240956
-45.5725904627922, -31.087920296714593

0.0, 0.0
-0.999841200673303, 0.017820590230627934
-45.85408896890027, -31.286101561926227

0.0, 0.0
-0.9999660562238799, 0.008239320363978928
-46.13558745033055, -31.484282810295493

0.0, 0.0
-0.9999990985698834, -0.0013427060067543613
-46.41708590738777, -31.682464042027203

0.0, 0.0
-0.999940324677487, -0.010924609095162147
-46.69858434037095, -31.88064525732248

0.0, 0.0
-0.9997897399430928, -0.02050550912615264
-46.980082749573725, -32.078826456378806

0.0, 0.0
-0.9995473581928377, -0.030084526416731528
-47.26158113528437, -32.27700763939015

0.0, 0.0
-0.999213201681322, -0.03966078145677037
-47.54307949778602, -32.47518880654693

0.0, 0.0
-0.9987873010895674, -0.049233394989761724
-47.824577837356586, -32.67336995803634

0.0, 0.0
-0.9982696955221994, -0.05880148809354659
-48.106076154269175, -32.871551094042104

0.0, 0.0
-0.9976604325038568, -0.06836418226101519
-48.3875744487919, -33.06973221474498

0.0, 0.0
-0.9969595679748289, -0.07792059948076949
-48.669072721188236, -33.26791332032229

0.0, 0.0
-0.9961671662859182, -0.08746986231773642
-48.95057097171705, -33.46609441094847

0.0, 0.0
-0.9952833001925327, -0.09701109399373198
-49.23206920063255, -33.66427548679504

0.0, 0.0
-0.9943080508480056, -0.1065434184679652
-49.51356740818468, -33.86245654803041

0.0, 0.0
-0.9932415077961437, -0.11606596051747022
-49.79506559461902, -34.060637594820186

0.0, 0.0
-0.9920837689630067, -0.12557784581746748
-50.076563760177024, -34.25881862732711

0.0, 0.0
-0.9908349406479148, -0.13507820102164225
-50.35806190509585, -34.45699964571147

0.0, 0.0
-0.9894951375136898, -0.14456615384232951
-50.639560029608894, -34.65518065013034

0.0, 0.0
-0.9880644825761267, -0.15404083313060538
-50.92105813394543, -34.85336164073872

0.0, 0.0
-0.9865431071926986, -0.1635013689562743
-51.202556218330834, -35.05154261768883

0.0, 0.0
-0.9849311510504962, -0.17294689268774002
-51.48405428298685, -35.24972358113046

0.0, 0.0
-0.9832287621534025, -0.18237653707176205
-51.76555232813152, -35.44790453121078

0.0, 0.0
-0.9814360968085034, -0.19178943631308273
-52.04705035397935, -35.64608546807471

0.0, 0.0
-0.9795533196117355, -0.20118472615392305
-52.328548360741216, -35.84426639186475

0.0, 0.0
-0.9775806034327751, -0.2105615439533331
-52.610046348624586, -36.042447302721314

0.0, 0.0
-0.975518129399164, -0.2199190287663979
-52.89154431783368, -36.24062820078224

0.0, 0.0
-0.9733660868796808, -0.2292563214232874
-53.1730422685693, -36.438809086183305

0.0, 0.0
-0.9711246734669524, -0.23857256460813972
-53.45454020102901, -36.636989959058404

0.0, 0.0
-0.9687940949593128, -0.24786690293777813
-53.73603811540742, -36.83517081953873

0.0, 0.0
-0.9663745653419066, -0.25713848304025044
-54.01753601189576, -37.033351667754054

0.0, 0.0
-0.9638663067670421, -0.2663864536331797
-54.2990338906824, -37.2315325038317

0.0, 0.0
-0.9612695495337946, -0.2756099656019275
-54.58053175195274, -37.429713327897375

0.0, 0.0
-0.9585845320668597, -0.2848081720775575
-54.8620295958893, -37.627894140074524

0.0, 0.0
-0.9558115008946638, -0.29398022851458927
-55.14352742267172, -37.82607494048484

0.0, 0.0
-0.9529507106267276, -0.30312529276854283
-55.425025232476905, -38.02425572924811

0.0, 0.0
-0.950002423930289, -0.3122425251732624
-55.70652302547904, -38.2224365064822

0.0, 0.0
-0.9469669115061863, -0.321331088618009
-55.988020801849565, -38.42061727230352

0.0, 0.0
-0.943844452064003, -0.3303901486243224
-56.26951856175741, -38.61879802682634

0.0, 0.0
-0.9406353322964784, -0.3394188734226392
-56.55101630536891, -38.81697877016364

0.0, 0.0
-0.9373398468531834, -0.3484164340286644
-56.83251403284785, -39.015159502426336

0.0, 0.0
-0.933958298313468, -0.3573820043194833
-57.114011744355516, -39.213340223723854

0.0, 0.0
-0.930490997158679, -0.3663147611094142
-57.395509440051015, -39.41152093416403

0.0, 0.0
-0.9269382617436527, -0.37521388422559165
-57.67700712009102, -39.60970163385288

0.0, 0.0
-0.9233004182674849, -0.38407855658326906
-57.958504784629554, -39.807882322895445

0.0, 0.0
-0.919577800743581, -0.3929079642608418
-58.24000243381875, -40.00606300139463

0.0, 0.0
-0.9157707509689865, -0.4017012965745797
-58.521500067808454, -40.20424366945224

0.0, 0.0
-0.9118796184930067, -0.41045774615305847
-58.80299768674633, -40.402424327168376

0.0, 0.0
-0.9079047605851107, -0.41917650901129094
-59.08449529077761, -40.6006049746419

0.0, 0.0
-0.9038465422021283, -0.4278567846245472
-59.36599288004577, -40.798785611970175

0.0, 0.0
-0.8997053359547424, -0.43649777600185324
-59.64749045469199, -40.99696623924932

0.0, 0.0
-0.8954815220732758, -0.4450986897591692
-59.92898801485583, -41.19514685657356

0.0, 0.0
-0.8911754883727802, -0.4536587361922361
-60.21048556067444, -41.39332746403636

0.0, 0.0
-0.8867876302174286, -0.46217712934908095
-60.49198309228322, -41.59150806172982

0.0, 0.0
-0.8823183504842149, -0.4706530871021819
-60.77348060981564, -41.789688649744555

0.0, 0.0
-0.8777680595259627, -0.47908583122027926
-61.05497811340331, -41.98786922816995

0.0, 0.0
-0.8731371751336476, -0.48747458743983163
-61.33647560317585, -42.1860497970945

0.0, 0.0
-0.8684261224980383, -0.49581858553610325
-61.61797307926137, -42.384230356604945

0.0, 0.0
-0.863635334170657, -0.5041170593938848
-61.89947054178606, -42.582410906787274

0.0, 0.0
-0.8587652500240629, -0.5123692470778363
-62.1809679908743, -42.78059144772602

0.0, 0.0
-0.8538163172114663, -0.5205743909024423
-62.462465426648855, -42.97877197950463

0.0, 0.0
-0.848788990125672, -0.5287317375015821
-62.74396284923079, -43.17695250220559

0.0, 0.0
-0.8436837303573579, -0.536840537897701
-63.02546025873951, -43.37513301591011

0.0, 0.0
-0.8385010066526948, -0.5449000475705774
-63.30695765529278, -43.57331352069852

0.0, 0.0
-0.833241294870307, -0.5529095265256824
-63.588455039006874, -43.771494016649775

0.0, 0.0
-0.8279050779375802, -0.5608682393621244
-63.86995240999659, -43.96967450384192

0.0, 0.0
-0.8224928458063225, -0.5687754553401693
-64.15144976837486, -44.16785498235212

0.0, 0.0
-0.8170050954077779, -0.5766304484483349
-64.43294711425341, -44.36603545225636

0.0, 0.0
-0.8114423306069986, -0.5844324974700521
-64.71444444774244, -44.56421591362958

0.0, 0.0
-0.8058050621565845, -0.5921808860498816
-64.99594176895059, -44.76239636654605

0.0, 0.0
-0.8000938076497863, -0.5998749027592892
-65.27743907798525, -44.96057681107865

0.0, 0.0
-0.7943090914729822, -0.6075138411619652
-65.5589363749522, -45.15875724729973

0.0, 0.0
-0.78845144475753, -0.6150969998786886
-65.84043365995598, -45.35693767528039

0.0, 0.0
-0.7825214053310022, -0.622623682651723
-66.1219309330998, -45.55511809509092

0.0, 0.0
-0.7765195176678034, -0.6300931984087449
-66.40342819448549, -45.75329850680091

0.0, 0.0
-0.7704463328391784, -0.6375048613262976
-66.6849254442136, -45.95147891047867

0.0, 0.0
-0.7643024084626162, -0.6448579908927577
-66.9664226823833, -46.14965930619203

0.0, 0.0
-0.758088308650651, -0.6521519119708193
-67.24791990909269, -46.34783969400767

0.0, 0.0
-0.7518046039590661, -0.6593859548594827
-67.5294171244384, -46.54602007399167

0.0, 0.0
-0.7454518713345101, -0.6665594553555423
-67.81091432851588, -46.74420044620936

0.0, 0.0
-0.7390306940615219, -0.6736717548145723
-68.09241152141969, -46.942380810724806

0.0, 0.0
-0.732541661708976, -0.6807222002114021
-68.37390870324288, -47.14056116760171

0.0, 0.0
-0.7259853700759511, -0.6877101442000724
-68.65540587407737, -47.33874151690277

0.0, 0.0
-0.7193624211370258, -0.6946349451732733
-68.93690303401408, -47.53692185869003

0.0, 0.0
-0.7126734229870061, -0.7014959673212554
-69.21840018314265, -47.73510219302486

0.0, 0.0
-0.705918989785095, -0.7082925806902052
-69.49989732155183, -47.93328251996754

0.0, 0.0
-0.6990997416985006, -0.7150241612400868
-69.78139444932904, -48.13146283957807

0.0, 0.0
-0.6922163048454957, -0.7216900909019383
-70.06289156656082, -48.32964315191519

0.0, 0.0
-0.6852693112379282, -0.7282897576346213
-70.34438867333256, -48.52782345703753

0.0, 0.0
-0.678259398723195, -0.7348225554810155
-70.62588576972865, -48.72600375500263

0.0, 0.0
-0.6711872109256749, -0.7412878846236552
-70.90738285583238, -48.92418404586733

0.0, 0.0
-0.6640533971876337, -0.7476851514398041
-71.18887993172632, -49.12236432968801

0.0, 0.0
-0.6568586125096049, -0.7540137685559574
-71.47037699749177, -49.320544606520144

0.0, 0.0
-0.6496035174902491, -0.7602731549017732
-71.75187405320915, -49.518724876418666

0.0, 0.0
-0.642288778265701, -0.7664627357634246
-72.03337109895782, -49.71690513943816

0.0, 0.0
-0.6349150664484068, -0.7725819428363668
-72.31486813481636, -49.91508539563209

0.0, 0.0
-0.6274830590654578, -0.7786302142775191
-72.59636516086248, -50.11326564505346

0.0, 0.0
-0.6199934384964313, -0.7846069947568476
-72.87786217717269, -50.31144588775493

0.0, 0.0
-0.612446892410735, -0.7905117355083563
-73.15935918382284, -50.509626123788166

0.0, 0.0
-0.604844113704468, -0.7963438943804722
-73.44085618088788, -50.707806353204376

0.0, 0.0
-0.5971858004368017, -0.8021029358858228
-73.72235316844187, -50.90598657605406

0.0, 0.0
-0.5894726557658874, -0.8077883312504035
-74.00385014655798, -51.10416679238752

0.0, 0.0
-0.5817053878842919, -0.8133995584621284
-74.28534711530847, -51.302347002254244

0.0, 0.0
-0.5738847099539786, -0.8189361023187572
-74.56684407476503, -51.500527205702845

0.0, 0.0
-0.5660113400408237, -0.824397454475201
-74.84834102499826, -51.69870740278191

0.0, 0.0
-0.5580860010486879, -0.8297831134901963
-75.12983796607817, -51.89688759353926

0.0, 0.0
-0.5501094206530417, -0.8350925848723451
-75.41133489807355, -52.09506777802245

0.0, 0.0
-0.542082331234153, -0.8403253811255174
-75.69283182105305, -52.29324795627793

0.0, 0.0
-0.5340054698098404, -0.8454810217936128
-75.97432873508404, -52.49142812835206

0.0, 0.0
-0.5258795779678075, -0.8505590335046713
-76.25582564023362, -52.689608294290316

0.0, 0.0
-0.5177054017975492, -0.855558950014339
-76.53732253656763, -52.887788454138075

0.0, 0.0
-0.5094836918218499, -0.8604803122486756
-76.8188194241515, -53.08596860794009

0.0, 0.0
-0.5012152029278736, -0.8653226683463057
-77.10031630304978, -53.284148755740546

0.0, 0.0
-0.4929006942978518, -0.8700855736999066
-77.38181317332636, -53.48232889758334

0.0, 0.0
-0.48454092933938026, -0.8747685909970303
-77.66331003504445, -53.680509033511626

0.0, 0.0
-0.4761366756153216, -0.8793712902602575
-77.94480688826643, -53.87868916356838

0.0, 0.0
-0.4676887047733357, -0.8838932488866739
-78.22630373305408, -54.07686928779578

0.0, 0.0
-0.45919779247502657, -0.888334051686674
-78.50780056946881, -54.27504940623572

0.0, 0.0
-0.4506647183247248, -0.8926932909220817
-78.78929739757098, -54.47322951892962

0.0, 0.0
-0.4420902657979071, -0.8969705663435874
-79.0707942174203, -54.67140962591858

0.0, 0.0
-0.4334752221692613, -0.9011654852274966
-79.35229102907607, -54.869589727243174

0.0, 0.0
-0.42482037844039855, -0.905277662411791
-79.63378783259688, -55.0677698229433

0.0, 0.0
-0.416126529267231, -0.9093067203314887
-79.91528462804062, -55.26594991305871

0.0, 0.0
-0.4073944728870065, -0.9132522890533142
-80.1967814154646, -55.46412999762883

0.0, 0.0
-0.39862501104501813, -0.9171140063096622
-80.47827819492552, -55.66231007669246

0.0, 0.0
-0.38981894892099084, -0.920891517531861
-80.75977496647948, -55.86049015028806

0.0, 0.0
-0.3809770950551528, -0.9245844758827271
-81.04127173018192, -56.05867021845385

0.0, 0.0
-0.3721002612739991, -0.9281925422884099
-81.32276848608784, -56.25685028122713

0.0, 0.0
-0.3631892626157494, -0.9317153854695264
-81.60426523425151, -56.45503033864563

0.0, 0.0
-0.3542449172555194, -0.9351526819715753
-81.88576197472685, -56.65321039074586

0.0, 0.0
-0.34526804643019515, -0.9385041161946369
-82.16725870756714, -56.851390437564355

0.0, 0.0
-0.33625947436303155, -0.9417693804223504
-82.44875543282488, -57.04957047913737

0.0, 0.0
-0.32722002818797463, -0.9449481748501666
-82.73025215055229, -57.24775051550078

0.0, 0.0
-0.3181505378737185, -0.9480402076128752
-83.01174886080096, -57.4459305466899

0.0, 0.0
-0.309051836147497, -0.9510451948114036
-83.29324556362195, -57.64411057273964

0.0, 0.0
-0.29992475841863075, -0.9539628605388818
-83.57474225906606, -57.84229059368464

0.0, 0.0
-0.29077014270181994, -0.9567929369059761
-83.856238947183, -58.040470609559506

0.0, 0.0
-0.2815888295402013, -0.9595351640654862
-84.1377356280222, -58.23865062039844

0.0, 0.0
-0.2723816619281728, -0.9621892902362023
-84.41923230163312, -58.436830626234425

0.0, 0.0
-0.26314948523399384, -0.9647550717260232
-84.70072896806407, -58.63501062710115

0.0, 0.0
-0.2538931471221631, -0.9672322729543321
-84.982225627363, -58.833190623031726

0.0, 0.0
-0.2446134974755943, -0.9696206664736253
-85.26372227957769, -59.03137061405833

0.0, 0.0
-0.23531138831757972, -0.9719200329903964
-85.54521892475519, -59.229550600213585

0.0, 0.0
-0.22598767373356138, -0.9741301613852706
-85.82671556294193, -59.427730581529566

0.0, 0.0
-0.21664320979271193, -0.9762508487323895
-86.10821219418422, -59.625910558038

0.0, 0.0
-0.2072788544693337, -0.9782819003180426
-86.38970881852777, -59.82409052977019

0.0, 0.0
-0.19789546756408344, -0.9802231296585451
-86.67120543601781, -60.02227049675724

0.0, 0.0
-0.18849391062502516, -0.9820743585173605
-86.95270204669934, -60.22045045902973

0.0, 0.0
-0.17907504686853107, -0.9838354169214653
-87.23419865061639, -60.41863041661854

0.0, 0.0
-0.16963974110002086, -0.9855061431769555
-87.51569524781311, -60.61681036955366

0.0, 0.0
-0.1601888596345593, -0.9870863838838926
-87.79719183833308, -60.8149903178648

0.0, 0.0
-0.1507232702173143, -0.9885759939503884
-88.07868842221927, -61.01317026158178

0.0, 0.0
-0.14124384194388473, -0.9899748366059266
-88.36018499951447, -61.21135020073386

0.0, 0.0
-0.1317514451804996, -0.9912827834139206
-88.64168157026084, -61.40953013535014

0.0, 0.0
-0.1222469514841097, -0.9924997142835064
-88.92317813450033, -61.607710065459386

0.0, 0.0
-0.11273123352236077, -0.9936255174805683
-89.20467469227437, -61.805889991090034

0.0, 0.0
-0.10320516499346928, -0.9946600896379982
-89.48617124362397, -62.00406991227053

0.0, 0.0
-0.09366962054600278, -0.9956033357651871
-89.76766778858997, -62.2022498290284

0.0, 0.0
-0.0841254756985727, -0.9964551692567453
-90.04916432721268, -62.400429741391484

0.0, 0.0
-0.07457360675944853, -0.9972155119004553
-90.33066085953187, -62.59860964938753

0.0, 0.0
-0.06501489074609475, -0.997884293884453
-90.612157385587, -62.79678955304354

0.0, 0.0
-0.055450205304651626, -0.9984614538036368
-90.89365390541732, -62.99496945238644

0.0, 0.0
-0.04588042862934954, -0.9989469386653063
-91.17515041906185, -63.19314934744275

0.0, 0.0
-0.03630643938187718, -0.9993407038940274
-91.45664692655875, -63.39132923823914

0.0, 0.0
-0.02672911661070614, -0.9996427133357254
-91.73814342794624, -63.58950912480166

0.0, 0.0
-0.01714933967038077, -0.9998529392610045
-92.019639923262, -63.78768900715637

0.0, 0.0
-0.0075679881407755565, -0.9999713623676936
-92.30113641254344, -63.98586888532891

0.0, 0.0
0.0020140582536593747, -0.9999979717826186
-92.5826328958277, -64.18404875934469

0.0, 0.0
0.01159591972467484, -0.9999327650626011
-92.86412937315131, -64.38222862922902

0.0, 0.0
0.02117671650100065, -0.9997757481946821
-93.14562584455075, -64.5804084950069

0.0, 0.0
0.03075556890912296, -0.9995269355955727
-93.42712231006185, -64.77858835670331

0.0, 0.0
0.04033159745405178, -0.9991863501103306
-93.70861876972057, -64.97676821434253

0.0, 0.0
0.0499039229000765, -0.9987540230102622
-93.99011522356223, -65.17494806794909

0.0, 0.0
0.05947166635148879, -0.998229993990051
-94.27161167162195, -65.37312791754682

0.0, 0.0
0.06903394933328307, -0.997614311164114
-94.55310811393437, -65.57130776315987

